// line ngoai o tren
[105.76392811157757, 21.02161078004897, 200],
[105.76388519623335, 21.021605772658624, 200],
[105.763820823217, 21.021593254182147, 200],
[105.76376986124573, 21.021579483856815, 200],
[105.76370951154291, 21.021558202442424, 200],
[105.76365854957167, 21.021536921025007, 200],
[105.76361697533196, 21.02152315069447, 200],
[105.76357405998773, 21.021494358181048, 200],
[105.76352846243448, 21.021464313813297, 200],
[105.76348286488124, 21.02143051389233, 200],
[105.76342922070096, 21.021389202867418, 200],
[105.76339166977475, 21.021361662177775, 200],
[105.76329913356376, 21.02125775862107, 200],
[105.76323341944293, 21.021125062407226, 200],
[105.76319855072576, 21.021029921652943, 200],
// line ngoai o duoi
[105.76321196177109, 21.019745515527102, 200],
[105.76325487711532, 21.01967040371536, 200],
[105.76331656792264, 21.01959529186578, 200],
[105.76339703419308, 21.019510165057174, 200],
[105.76349895813557, 21.01944256432159, 200],
[105.76361429312318, 21.019379971020587, 200],
[105.76372962811077, 21.019332400094246, 200],
[105.76384764530738, 21.019307362758518, 200],
[105.7640005312212, 21.019314873959686, 200],


// reverse line ngoai:

// line ngoai o duoi
[105.7640005312212, 21.019314873959686, 20],
[105.76384764530738, 21.019307362758518, 20],
[105.76372962811077, 21.019332400094246, 20],
[105.76361429312318, 21.019379971020587, 20],
[105.76349895813557, 21.01944256432159, 20],
[105.76339703419308, 21.019510165057174, 20],
[105.76331656792264, 21.01959529186578, 20],
[105.76325487711532, 21.01967040371536, 20],
[105.76321196177109, 21.019745515527102, 20],
// line ngoai o tren
[105.76319855072576, 21.021029921652943, 20],
[105.76323341944293, 21.021125062407226, 20],
[105.76329913356376, 21.02125775862107, 20],
[105.76339166977475, 21.021361662177775, 20],
[105.76342922070096, 21.021389202867418, 20],
[105.76348286488124, 21.02143051389233, 20],
[105.76352846243448, 21.021464313813297, 20],
[105.76357405998773, 21.021494358181048, 20],
[105.76361697533196, 21.02152315069447, 20],
[105.76365854957167, 21.021536921025007, 20],
[105.76370951154291, 21.021558202442424, 20],
[105.76376986124573, 21.021579483856815, 20],
[105.763820823217, 21.021593254182147, 20],
[105.76388519623335, 21.021605772658624, 20],
[105.76392811157757, 21.02161078004897, 20],



// line trong

[105.76394037015119, 21.0213071354946, 100],
[105.76386325664211, 21.021301502169045, 100],
[105.76375865049057, 21.02127020591201, 100],
[105.76367214924993, 21.021227017066405, 100],
[105.76360241181554, 21.02117193562213, 100],
// cua 1
[105.76353535659018, 21.021163172663215, 100],
[105.76343343264766, 21.021227017066405, 100],
[105.76339185840794, 21.02117694302699, 100],
[105.76348439461893, 21.021119357860872, 100],
[105.76349378235048, 21.021061772672528, 100],
// tt
[105.76349244124604, 21.02105926896823, 100],
[105.76342672712524, 21.02091405404422, 100],
[105.76342806822944, 21.02090654292344, 100],
[105.76339319951225, 21.020778853815237, 100],
[105.76336905963106, 21.02065366830889, 100],
[105.76334491974993, 21.020475904709272, 100],
// tt
[105.76327250010657, 21.020473400995087, 100],
[105.76326713568852, 21.02041581555725, 100],
[105.76335296637697, 21.02041331184206, 100],
// tt
[105.76336637742213, 21.020248066546344, 100],
[105.76339051730325, 21.020112865713628, 100],
[105.76338783509424, 21.020115369433857, 100],
[105.76343075043847, 21.019977664758333, 100],
[105.7634736657827, 21.0198524785793, 100],
[105.76348439461874, 21.019782374273138, 100],
// tt
[105.76339319951221, 21.019714773660947, 100],
[105.7634307504384, 21.019667202841422, 100],
[105.76351926333588, 21.019727292295144, 100],
[105.76357290751615, 21.019714773660947, 100],
// tt
[105.76368287808573, 21.019632150648917, 100],
[105.76378748423727, 21.019579572344686, 100],
[105.76389745480687, 21.01956454996864, 100],
[105.7639618278232, 21.019552031320778, 100],


// reverse line trong:

[105.7639618278232, 21.019552031320778, 20],
[105.76389745480687, 21.01956454996864, 20],
[105.76378748423727, 21.019579572344686, 20],
[105.76368287808573, 21.019632150648917, 20],
[105.76357290751615, 21.019714773660947, 20],
[105.76351926333588, 21.019727292295144, 20],
[105.7634307504384, 21.019667202841422, 20],
[105.76339319951221, 21.019714773660947, 20],
[105.76348439461874, 21.019782374273138, 20],
[105.7634736657827, 21.0198524785793, 20],
[105.76343075043847, 21.019977664758333, 20],
[105.76338783509424, 21.020115369433857, 20],
[105.76339051730325, 21.020112865713628, 20],
[105.76336637742213, 21.020248066546344, 20],
[105.76335296637697, 21.02041331184206, 20],
[105.76326713568852, 21.02041581555725, 20],
[105.76327250010657, 21.020473400995087, 20],
[105.76334491974993, 21.020475904709272, 20],
[105.76336905963106, 21.02065366830889, 20],
[105.76339319951225, 21.020778853815237, 20],
[105.76342806822944, 21.02090654292344, 20],
[105.76342672712524, 21.02091405404422, 20],
[105.76349244124604, 21.02105926896823, 20],
[105.76349378235048, 21.021061772672528, 20],
[105.76348439461893, 21.021119357860872, 20],
[105.76339185840794, 21.02117694302699, 20],
[105.76343343264766, 21.021227017066405, 20],
[105.76353535659018, 21.021163172663215, 20],
[105.76360241181554, 21.02117193562213, 20],
[105.76367214924993, 21.021227017066405, 20],
[105.76375865049057, 21.02127020591201, 20],
[105.76386325664211, 21.021301502169045, 20],
[105.76394037015119, 21.0213071354946, 20],




