          [105.76391905546187, 21.021625549989764,10],
          [105.76374739408493, 21.021608024124724,10],
          [105.76358646154404, 21.021565461301055,10],
          [105.76343894004822, 21.021485343011765,10],
          [105.76329678297043, 21.02137518029368,10],
          [105.76315462589262, 21.021174884234114,10],
          [105.76328068971634, 21.021099773142396,10],
          [105.76323240995407, 21.020846898855492,10],
          [105.76320290565491, 21.02055646845226,10],
          [105.76320558786392, 21.020271044918612,10],
          [105.76323509216307, 21.019985620838582,10],
          [105.76328068971634, 21.019742759568313,10],
          [105.763218998909, 21.01971021112059,10],
          [105.76330482959747, 21.019580017258654,10],
          [105.76351135969162, 21.01942228223515,10],
          [105.76375812292098, 21.019339659061014,10],
          [105.76391369104385, 21.019322132927282,20]